t,value
1618834040,35913728
1618834040,35913728
