t,value
1617583269,220434432
1617583486,220434432
1617583486,220434432
