t,value
1608503659,122028032
1608503659,122028032
