t,value
1609416213,7598080
1609416213,7598080
