t,value
1607724229,3801088
1607724229,3801088
