t,value
1618834040,122028032
1618834040,122028032
