t,value
1609994395,220266496
1609994396,220266496
