t,value
1618811613,33619968
1618811613,33619968
