t,value
1617627097,184140
1617627345,184140
1617627345,184140
